GATE_GH_PV: 65,698,48,35
PV_C01: 65,582,48,112
PV_S01: 17,583,48,35
PV_B01: 65,507,48,74
PV_A01: 13,545,48,35
PV_A02: 13,508,48,35
PV_A03: 115,508,48,35
PV_B02: 168,468,48,74
PV_C02: 13,470,152,35
PV_C03: 65,398,152,35
PV_C04: 228,320,48,112
PV_A04: 65,434,48,35
PV_B03: 117,359,100,35
PV_A05: 304,320,48,35
PV_C05: 357,242,52,112
PV_D01: 238,241,98,74
PV_D02: 117,281,98,74
PV_C06: 65,281,48,112
PV_A06: 410,335,48,35
PV_A07: 410,292,48,35
PV_B04: 10,242,48,74
PV_B05: 58,243,100,35
PV_A08: 170,242,48,35
PV_A09: 282,398,48,35
PV_G01: 17,208,354,35
PV_A10: 114,11,48,35
PV_D03: 31,47,98,74
PV_D04: 327,10,48,150
PV_B06: 226,126,100,35
PV_B07: 379,125,48,74
PV_C07: 17,172,152,35
PV_A11: 69,892,48,35
PV_C08: 69,126,152,35
PV_I01: 175,10,150,112
PV_SWIM: 280,1932,48,272
PV_END: 226,792,48,35
PV_END_RED: 225,792,48,35
PV_DREAM_TREE01: 310,2009,48,112
PV_DREAM_TREE02: 264,1994,100,35
PV_DREAM_TREE03: 289,2069,48,35
PV_DREAM_TREE04: 318,1998,48,35
PV_DREAM_TREE05: 359,2002,48,35
PV_DREAM_TREE06: 330,2044,48,35
PV_DREAM_RED: 164,2047,256,74
PV_DREAM_ARTI: 256,2063,98,74
